stat_fix_dict: defaultdict(<class 'int'>, {0: 277121, 1: 1618, 2: 1134, 6: 91, 3: 406, 4: 36, 5: 10, 8: 3, 9: 8, 7: 3})
Instructions contain CHECK in verbs: 1782
Instructions contain CLICK in verbs: 21076
Instructions contain INPUT Content: 307
Instructions contain INPUT in verbs: 3772
Instructions contain LONG_CLICK in verbs: 744
Instructions contain OTHERS in verbs: 8725
Instructions contain SWIPE in verbs: 5249
Instructions contain UNCHECK in verbs: 548
ValueError: 3
examples_count_in_dataset: 21129
instruction_contains_comma: 18481
instruction_contains_dot: 21033
total_input_refs: 874.0
total_obj_refs: 139751.0
total_verb_refs: 139751
instruction_contains_after: 942
instruction_contains_and-then: 4320
step_num: [(1, 104), (2, 734), (3, 1946), (4, 3065), (5, 3383), (6, 3184), (7, 2346), (8, 1754), (9, 1339), (10, 930), (11, 703), (12, 421), (13, 331), (14, 251), (15, 163), (16, 116), (17, 78), (18, 76), (19, 54), (20, 35), (21, 26), (22, 15), (23, 14), (24, 9), (25, 5), (26, 6), (27, 7), (28, 5), (29, 6), (30, 2), (31, 7), (32, 6), (33, 6), (34, 1), (35, 1)]
longest_instruction: [(7, 3), (9, 3), (10, 6), (11, 15), (12, 15), (13, 33), (14, 24), (15, 39), (16, 41), (17, 99), (18, 66), (19, 123), (20, 156), (21, 134), (22, 204), (23, 207), (24, 202), (25, 231), (26, 291), (27, 237), (28, 231), (29, 213), (30, 272), (31, 248), (32, 239), (33, 294), (34, 251), (35, 280), (36, 298), (37, 255), (38, 246), (39, 270), (40, 282), (41, 275), (42, 227), (43, 251), (44, 249), (45, 273), (46, 234), (47, 223), (48, 250), (49, 270), (50, 231), (51, 219), (52, 228), (53, 208), (54, 210), (55, 189), (56, 238), (57, 204), (58, 185), (59, 195), (60, 198), (61, 201), (62, 164), (63, 166), (64, 159), (65, 174), (66, 192), (67, 132), (68, 176), (69, 162), (70, 138), (71, 147), (72, 159), (73, 99), (74, 162), (75, 105), (76, 114), (77, 132), (78, 129), (79, 136), (80, 177), (81, 117), (82, 157), (83, 125), (84, 141), (85, 104), (86, 111), (87, 95), (88, 90), (89, 102), (90, 99), (91, 114), (92, 104), (93, 104), (94, 153), (95, 109), (96, 105), (97, 84), (98, 78), (99, 108), (100, 75), (101, 90), (102, 78), (103, 81), (104, 87), (105, 113), (106, 75), (107, 72), (108, 90), (109, 80), (110, 96), (111, 72), (112, 78), (113, 90), (114, 78), (115, 80), (116, 63), (117, 66), (118, 62), (119, 72), (120, 48), (121, 66), (122, 41), (123, 68), (124, 88), (125, 83), (126, 63), (127, 78), (128, 75), (129, 62), (130, 69), (131, 78), (132, 54), (133, 45), (134, 51), (135, 57), (136, 60), (137, 53), (138, 68), (139, 42), (140, 56), (141, 36), (142, 45), (143, 48), (144, 48), (145, 60), (146, 36), (147, 36), (148, 70), (149, 60), (150, 54), (151, 39), (152, 36), (153, 30), (154, 29), (155, 45), (156, 63), (157, 30), (158, 45), (159, 42), (160, 28), (161, 27), (162, 42), (163, 44), (164, 24), (165, 42), (166, 45), (167, 36), (168, 39), (169, 24), (170, 33), (171, 39), (172, 44), (173, 33), (174, 44), (175, 47), (176, 30), (177, 42), (178, 27), (179, 36), (180, 36), (181, 48), (182, 17), (183, 21), (184, 36), (185, 39), (186, 38), (187, 42), (188, 21), (189, 33), (190, 38), (191, 27), (192, 18), (193, 27), (194, 27), (195, 24), (196, 30), (197, 27), (198, 9), (199, 45), (200, 15), (201, 9), (202, 23), (203, 24), (204, 30), (205, 45), (206, 18), (207, 30), (208, 27), (209, 18), (210, 18), (211, 15), (212, 12), (213, 36), (214, 24), (215, 29), (216, 21), (217, 27), (218, 24), (219, 24), (220, 15), (221, 25), (222, 9), (223, 18), (224, 6), (225, 12), (226, 15), (227, 21), (228, 18), (229, 6), (230, 12), (231, 15), (232, 23), (233, 24), (234, 15), (235, 12), (236, 9), (237, 9), (238, 6), (239, 3), (240, 11), (241, 6), (242, 6), (243, 15), (244, 3), (245, 3), (246, 3), (249, 8), (250, 6), (251, 3), (254, 11), (256, 3), (259, 1), (265, 3), (268, 3), (269, 2), (270, 3), (271, 6), (272, 3), (283, 6), (306, 3), (307, 3), (372, 3)]
longest_verb_str: [(1, 44883), (2, 4363), (3, 927), (4, 63), (5, 6)]
longest_obj_desc: [(0, 249), (1, 13817), (2, 8508), (3, 8126), (4, 3842), (5, 2650), (6, 3035), (7, 2386), (8, 1653), (9, 1585), (10, 1167), (11, 771), (12, 621), (13, 498), (14, 349), (15, 225), (16, 176), (17, 182), (18, 92), (19, 62), (20, 69), (21, 50), (22, 31), (23, 10), (24, 13), (25, 9), (26, 14), (27, 5), (28, 10), (29, 2), (30, 6), (31, 4), (32, 6), (33, 2), (34, 9), (36, 4), (40, 2), (46, 2)]
longest_input_str: [(1, 2), (2, 4), (3, 6), (5, 5), (7, 2), (10, 2), (11, 2)]
